%YAML:1.0

#--------------------------------------------------------------------------------------------
# System config
#--------------------------------------------------------------------------------------------

# When the variables are commented, the system doesn't load a previous session or not store the current one

# If the LoadFile doesn't exist, the system give a message and create a new Atlas from scratch
#System.LoadAtlasFromFile: "Session_MH01_MH02_MH03_Stereo60_Pseudo"

# The store file is created from the current session, if a file with the same name exists it is deleted
#System.SaveAtlasToFile: "Session_MH01_MH02_MH03_Stereo60_Pseudo"

#--------------------------------------------------------------------------------------------
# Camera Parameters. Adjust them!
#--------------------------------------------------------------------------------------------
File.version: "1.0"

Camera.type: "PinHole"

# Camera calibration and distortion parameters (OpenCV)
Camera1.fx: 455.719970703125
Camera1.fy: 455.56744384765625
Camera1.cx: 402.5623474121094
Camera1.cy: 225.244140625

Camera1.k1: 1.6137338876724243
Camera1.k2: -0.7712278366088867
Camera1.k3: 1.2786915302276611
Camera1.p1: -0.000041877879993990064
Camera1.p2: 0.000007229007678688504

Camera2.fx: 455.719970703125
Camera2.fy: 455.56744384765625
Camera2.cx: 402.5623474121094
Camera2.cy: 225.244140625

Camera2.k1: 0.2890695035457611
Camera2.k2: -0.9802180528640747
Camera2.k3: -0.11459018290042877
Camera2.p1: 0.0003013898094650358
Camera2.p2: 0.00014374479360412806


Camera.width: 768
Camera.height: 480

# Camera frames per second
Camera.fps: 25

# Color order of the images (0: BGR, 1: RGB. It is ignored if images are grayscale)
Camera.RGB: 1

Stereo.ThDepth: 60.0
Stereo.T_c1_c2: !!opencv-matrix
  rows: 4
  cols: 4
  dt: f
  data: [0.9999725222587585, -0.005555642303079367, 0.004909669980406761, 0.14999155,
          0.005528920330107212, 0.9999698996543884, 0.005439655855298042, 0.0,
          -0.004939742852002382, -0.0054123615846037865, 0.9999731779098511, 0.0,
          0.0, 0.0, 0.0, 1.0]

#--------------------------------------------------------------------------------------------
# ORB Parameters
#--------------------------------------------------------------------------------------------

# ORB Extractor: Number of features per image
ORBextractor.nFeatures: 1200

# ORB Extractor: Scale factor between levels in the scale pyramid 	
ORBextractor.scaleFactor: 1.2

# ORB Extractor: Number of levels in the scale pyramid	
ORBextractor.nLevels: 8

# ORB Extractor: Fast threshold
# Image is divided in a grid. At each cell FAST are extracted imposing a minimum response.
# Firstly we impose iniThFAST. If no corners are detected we impose a lower value minThFAST
# You can lower these values if your images have low contrast			
ORBextractor.iniThFAST: 20
ORBextractor.minThFAST: 7

#--------------------------------------------------------------------------------------------
# Viewer Parameters
#--------------------------------------------------------------------------------------------
Viewer.KeyFrameSize: 0.05
Viewer.KeyFrameLineWidth: 1.0
Viewer.GraphLineWidth: 0.9
Viewer.PointSize: 2.0
Viewer.CameraSize: 0.08
Viewer.CameraLineWidth: 3.0
Viewer.ViewpointX: 0.0
Viewer.ViewpointY: -0.7
Viewer.ViewpointZ: -1.8
Viewer.ViewpointF: 500.0
Viewer.imageViewScale: 1.0